214.172	1.42467
215.927	0
217.682	158.169
219.436	168.177
221.19	172.487
222.943	206.739
224.696	216.762
226.449	265.3
228.201	259.646
229.953	281.1
231.705	282.581
233.456	275.499
235.207	258.419
236.958	282.745
238.708	275.658
240.458	292.854
242.208	290.053
243.957	305.828
245.706	278.729
247.455	293.079
249.203	301.714
250.952	311.783
252.699	287.525
254.447	304.748
256.194	329.133
257.94	340.646
259.687	333.553
261.433	335.048
263.178	313.63
264.924	322.284
266.669	366.757
268.413	333.869
270.158	328.2
271.902	335.429
273.645	358.432
275.389	377.142
277.132	367.173
278.875	367.242
280.617	407.486
282.359	390.342
284.101	409.076
285.842	381.876
287.583	417.846
289.324	422.233
291.064	474.025
292.805	464.057
294.544	501.506
296.284	495.852
298.023	530.447
299.762	600.999
301.5	614.056
303.238	653.007
304.976	647.377
306.713	595.7
308.45	562.712
310.187	483.65
311.924	490.941
313.66	459.354
315.396	424.876
317.131	414.873
318.866	432.242
320.601	423.678
322.336	374.753
324.07	393.566
325.804	383.548
327.537	395.159
329.27	366.386
331.003	363.57
332.735	333.337
334.468	327.628
336.199	332.022
337.931	355.188
339.662	339.371
341.393	375.547
343.123	349.615
344.853	349.683
346.583	336.744
348.313	323.8
350.042	303.621
351.771	321.034
353.499	318.204
355.227	325.499
356.955	293.73
358.682	322.733
360.41	283.713
362.136	285.217
363.863	301.202
365.589	289.674
367.314	292.629
369.04	279.646
370.765	294.194
372.49	302.95
374.214	291.411
375.938	294.369
377.662	291.527
379.385	271.276
381.108	268.428
382.831	265.58
384.553	278.697
386.275	280.205
387.997	286.069
389.718	277.412
391.439	280.374
393.159	278.977
394.88	265.954
396.599	251.472
398.319	241.346
400.038	254.482
401.757	271.988
403.475	256.041
405.194	263.368
406.911	256.145
408.629	267.843
410.346	247.514
412.063	240.283
413.779	272.377
415.495	275.346
417.211	236.06
418.926	265.257
420.641	247.819
422.355	250.786
424.07	306.255
425.784	278.604
427.497	291.792
429.21	299.149
430.923	299.211
432.636	267.156
434.348	302.255
436.06	316.923
437.771	302.381
439.482	277.605
441.193	236.744
442.903	260.181
444.613	248.539
446.323	222.269
448.032	203.302
449.741	201.881
451.45	185.828
453.158	218.064
454.866	196.153
456.573	175.696
458.28	166.946
459.987	171.375
461.693	177.271
463.4	178.773
465.105	190.536
466.811	221.361
468.516	217.009
470.22	269.851
471.925	280.176
473.628	265.563
475.332	290.566
477.035	275.948
478.738	283.347
480.441	325.99
482.143	355.433
483.845	383.419
485.546	421.702
487.247	433.547
488.948	496.846
490.648	502.83
492.348	517.64
494.048	553.049
495.747	644.377
497.446	697.485
499.145	816.844
500.843	900.923
502.541	1049.82
504.238	1278.31
505.936	1515.73
507.633	1930.04
509.329	2462.41
511.025	3360.54
512.721	4833.97
514.416	7980.12
516.112	15043.2
517.806	33861.5
519.501	83218.5
521.195	112366
522.889	57816
524.582	22669
526.275	10710
527.968	6118.88
529.66	4038.71
531.352	2810.23
533.044	2228.54
534.735	1757.47
536.426	1445.87
538.117	1256.89
539.807	1060.43
541.497	940.819
543.187	828.557
544.876	722.17
546.565	645.343
548.254	617.341
549.942	531.578
551.63	454.669
553.318	435.499
555.006	386.691
556.693	363.055
558.379	327.553
560.066	339.474
561.752	272.816
563.438	266.936
565.123	268.469
566.808	268.518
568.493	231.473
570.178	200.35
571.862	188.512
573.546	169.246
575.23	176.701
576.913	182.673
578.596	163.396
580.279	154.51
581.961	154.538
583.643	153.079
585.325	167.97
587.007	154.618
588.688	166.541
590.369	153.184
592.05	151.723
593.73	154.723
595.41	157.725
597.09	162.216
598.77	156.289
600.449	166.735
602.128	190.585
603.807	192.105
605.485	211.497
607.164	216
608.842	229.442
610.519	241.398
612.197	262.3
613.874	284.698
615.551	313.065
617.228	320.566
618.904	326.578
620.58	317.676
622.256	316.23
623.932	292.404
625.608	244.699
627.283	249.209
628.958	249.243
630.633	204.496
632.308	220.944
633.982	209.028
635.656	218.014
637.33	221.029
639.004	203.133
640.677	222.577
642.351	195.712
644.024	201.711
645.697	207.712
647.37	188.307
649.042	200.285
650.715	206.286
652.387	230.228
654.059	210.815
655.731	224.294
657.403	198.894
659.074	215.365
660.746	227.351
662.417	248.314
664.088	243.848
665.759	251.35
667.43	240.898
669.101	237.925
670.771	246.923
672.442	249.935
674.112	234.987
675.782	229.016
677.452	206.578
679.122	221.562
680.792	182.65
682.462	188.65
684.132	164.704
685.801	199.154
687.471	188.682
689.14	170.72
690.809	163.24
692.479	143.777
694.148	142.285
695.817	163.26
697.486	148.287
699.155	133.313
700.824	136.312
702.493	136.316
704.162	116.844
705.831	121.341
707.499	134.825
709.168	100.371
710.837	133.329
712.506	107.862
714.175	122.843
715.843	137.824
717.512	115.352
719.181	104.864
720.85	113.851
722.519	107.857
724.188	121.337
725.857	127.326
727.526	115.339
729.195	116.833
730.864	116.829
732.533	110.833
734.202	127.303
735.872	110.823
737.541	122.798
739.21	116.801
740.88	110.805
742.55	115.29
744.22	115.282
745.889	107.788
747.56	119.756
749.23	107.772
750.9	131.71
752.571	121.222
754.241	125.7
755.912	124.192
757.583	136.148
759.254	122.67
760.925	148.085
762.597	146.572
764.269	142.068
765.941	131.584
767.613	142.032
769.285	143.508
770.958	130.036
772.631	143.468
774.304	153.906
775.977	168.823
777.651	152.365
779.325	171.756
780.999	150.821
782.673	161.246
784.348	149.275
786.023	171.635
787.698	158.173
789.374	173.062
791.05	159.603
792.727	181.94
794.403	186.375
796.08	169.938
797.758	169.901
799.436	177.312
801.114	221.962
802.792	204.038
804.471	186.121
806.151	196.495
807.831	229.187
809.511	215.737
811.192	227.58
812.873	231.98
814.555	227.456
816.237	251.171
817.919	255.557
819.602	230.231
821.286	252.436
822.97	258.297
824.655	268.605
826.34	249.234
828.026	272.883
829.712	237.211
831.399	240.096
833.086	254.83
834.774	235.488
836.463	245.769
838.152	230.88
839.842	229.316
841.532	210.005
843.223	243.928
844.915	218.711
846.607	231.921
848.3	209.679
849.994	230.259
851.689	202.131
853.384	202.047
855.08	213.754
856.776	210.715
858.474	210.623
860.172	220.835
861.87	213.377
863.57	236.814
865.271	229.353
866.972	235.122
868.674	217.384
870.377	242.236
872.08	228.91
873.785	227.329
875.491	224.282
877.197	247.609
