214.172	-2.84933
215.927	9.97266
217.682	1159.91
219.436	1153.01
221.19	1161.79
222.943	1122.1
224.696	1177.93
226.449	1166.75
228.201	1162.7
229.953	1177.19
231.705	1173.14
233.456	1174.8
235.207	1123.62
236.958	1126.7
238.708	1062.64
240.458	1062.85
242.208	1134.49
243.957	1097.55
245.706	1132.07
247.455	1110.84
249.203	1161.1
250.952	1121.28
252.699	1104.32
254.447	1140.3
256.194	1164.85
257.94	1143.6
259.687	1166.72
261.433	1191.28
263.178	1188.64
264.924	1170.25
266.669	1243.53
268.413	1183.59
270.158	1248.3
271.902	1238.51
273.645	1198.6
275.389	1313.54
277.132	1265.03
278.875	1304
280.617	1341.55
282.359	1357.59
284.101	1353.54
285.842	1360.97
287.583	1401.43
289.324	1482.12
291.064	1420.64
292.805	1459.7
294.544	1474.34
296.284	1537.86
298.023	1493.59
299.762	1580.14
301.5	1609.2
303.238	1672.79
304.976	1631.39
306.713	1646.09
308.45	1580.2
310.187	1564.67
311.924	1600.96
313.66	1608.46
315.396	1513.71
317.131	1534.17
318.866	1561.83
320.601	1462.7
322.336	1491.8
324.07	1497.86
325.804	1477.96
327.537	1528.72
329.27	1501.6
331.003	1504.78
332.735	1471.88
334.468	1457.73
336.199	1504.2
337.931	1490.06
339.662	1494.68
341.393	1458.86
343.123	1469.25
344.853	1457.98
346.583	1488.61
348.313	1514.92
350.042	1450.15
351.771	1438.87
353.499	1533.16
355.227	1485.72
356.955	1499.04
358.682	1467.49
360.41	1512.65
362.136	1499.92
363.863	1484.29
365.589	1517.89
367.314	1534.13
369.04	1538.78
370.765	1526.04
372.49	1533.59
374.214	1554.19
375.938	1551.6
377.662	1524.35
379.385	1597.19
381.108	1581.55
382.831	1602.19
384.553	1606.86
386.275	1581.05
387.997	1601.7
389.718	1721.12
391.439	1676.43
393.159	1681.13
394.88	1675.66
396.599	1702.16
398.319	1702.5
400.038	1755.2
401.757	1767.19
403.475	1750.1
405.194	1776.64
406.911	1743.53
408.629	1781.74
410.346	1849.07
412.063	1839.26
413.779	1908.09
415.495	1909.94
417.211	1948.22
418.926	1901.98
420.641	1957.77
422.355	2006.29
424.07	2043.16
425.784	2066.92
427.497	2092.15
429.21	2158.25
430.923	2220
432.636	2254.04
434.348	2239.9
436.06	2291.48
437.771	2394.21
439.482	2432.7
441.193	2409.82
442.903	2562.34
444.613	2519.01
446.323	2509.3
448.032	2599.05
449.741	2675.66
451.45	2683.53
453.158	2789.47
454.866	2863.24
456.573	2856.52
458.28	2964.02
459.987	3011.51
461.693	3086.86
463.4	3100.69
465.105	3215.66
466.811	3288.17
468.516	3346.04
470.22	3513.93
471.925	3466.26
473.628	3538.88
475.332	3618.86
477.035	3619.62
478.738	3605.7
480.441	3698.96
482.143	3737.92
483.845	3756.33
485.546	3765.93
487.247	3862.24
488.948	3883.63
490.648	3966.77
492.348	4001.42
494.048	4097.86
495.747	4189.92
497.446	4308.51
499.145	4287.33
500.843	4405.99
502.541	4580.64
504.238	4880.55
505.936	5221.82
507.633	5919.77
509.329	6629.8
511.025	8196.47
512.721	10788.4
514.416	17021.9
516.112	33832.5
517.806	68373.6
519.501	86749.2
521.195	59280
522.889	27682.9
524.582	13061
526.275	7693.21
527.968	5356.79
529.66	4182
531.352	3367.25
533.044	2844.78
534.735	2437.39
536.426	2196.9
538.117	2034.68
539.807	1856.13
541.497	1687.85
543.187	1552.07
544.876	1491.7
546.565	1456.46
548.254	1277.61
549.942	1282.3
551.63	1217.39
553.318	1161.33
555.006	1146.74
556.693	1163.26
558.379	1096.78
560.066	1070.31
561.752	1033.44
563.438	1001.01
565.123	1016.03
566.808	949.457
568.493	1017.89
570.178	992.845
571.862	985.605
573.546	996.176
575.23	994.871
576.913	978.713
578.596	1033.85
580.279	1022.15
581.961	1019.35
583.643	1034.4
585.325	1043.49
587.007	1042.19
588.688	1066.16
590.369	1057.42
592.05	1078.42
593.73	1089.02
595.41	1101.1
597.09	1138.49
598.77	1162.49
600.449	1098.66
602.128	1195.62
603.807	1231.55
605.485	1206.43
607.164	1164.91
608.842	1245.54
610.519	1257.65
612.197	1265.3
613.874	1323.62
615.551	1349.16
617.228	1377.69
618.904	1307.8
620.58	1339.31
622.256	1324.58
623.932	1320.29
625.608	1304.07
627.283	1299.77
628.958	1313.37
630.633	1361.32
632.308	1236.09
633.982	1263.13
635.656	1263.29
637.33	1244.03
639.004	1239.71
640.677	1283.18
642.351	1223.57
644.024	1198.31
645.697	1238.8
647.37	1249.4
649.042	1248.04
650.715	1251.17
652.387	1213.93
654.059	1237.98
655.731	1178.29
657.403	1181.4
659.074	1221.89
660.746	1181.63
662.417	1177.25
664.088	1160.9
665.759	1181.94
667.43	1170.08
669.101	1189.62
670.771	1230.12
672.442	1186.82
674.112	1156.97
675.782	1176.51
677.452	1158.63
679.122	1172.18
680.792	1125.85
682.462	1079.5
684.132	1078.07
685.801	1075.13
687.471	1013.79
689.14	1039.3
690.809	995.915
692.479	1006.44
694.148	988.509
695.817	1002.03
697.486	946.64
699.155	984.117
700.824	970.663
702.493	948.217
704.162	936.253
705.831	946.756
707.499	981.225
709.168	907.831
710.837	951.282
712.506	934.807
714.175	949.789
715.843	880.875
717.512	864.391
719.181	900.336
720.85	895.83
722.519	919.783
724.188	927.254
725.857	898.771
727.526	913.725
729.195	945.151
730.864	859.742
732.533	918.12
734.202	895.615
735.872	870.113
737.541	892.532
739.21	907.457
740.88	907.403
742.55	883.39
744.22	911.776
745.889	886.261
747.56	938.587
749.23	901.091
750.9	930.949
752.571	902.432
754.241	948.737
755.912	936.674
757.583	923.114
759.254	945.455
760.925	940.863
762.597	924.303
764.269	940.642
765.941	959.964
767.613	944.889
769.285	931.309
770.958	953.6
772.631	966.913
774.304	953.322
775.977	954.67
777.651	966.47
779.325	982.741
780.999	979.59
782.673	977.928
784.348	977.754
786.023	961.158
787.698	993.806
789.374	969.743
791.05	1006.84
792.727	999.18
794.403	1006.43
796.08	1013.66
797.758	1047.72
799.436	1008.74
801.114	1001.06
802.792	1042.53
804.471	1063.12
806.151	1047.97
807.831	1014.97
809.511	1041.49
811.192	1082.86
812.873	1037.96
814.555	1058.49
816.237	1079
817.919	1063.83
819.602	1073.92
821.286	1086.96
822.97	1086.63
824.655	1059.58
826.34	1088.92
828.026	1116.74
829.712	1076.35
831.399	1033.01
833.086	1029.69
834.774	1081.17
836.463	1051.18
838.152	1022.68
839.842	1054.85
841.532	1088.48
843.223	1071.8
844.915	1077.3
846.607	1048.81
848.3	1035.11
849.994	1039.12
851.689	1065.25
853.384	1061.85
855.08	1043.71
856.776	1021.16
858.474	1032.49
860.172	1070.31
861.87	1052.17
863.57	1084.05
865.271	1099.72
866.972	1088.91
868.674	1098.67
870.377	1112.82
872.08	1135.75
873.785	1148.38
875.491	1096.49
877.197	1145.74
