109.515	-40.505
111.761	46.6223
114.007	71.7498
116.252	111.877
118.496	112.005
120.741	93.1323
122.984	96.259
125.227	116.385
127.47	172.51
129.712	151.635
131.954	129.758
134.195	134.879
136.436	140.999
138.677	138.118
140.917	101.234
143.156	118.348
145.395	118.46
147.633	74.5689
149.871	99.6755
152.109	96.7791
154.346	96.8797
156.582	85.9769
158.818	106.071
161.054	81.1609
163.289	88.2473
165.524	112.33
167.758	76.4078
169.991	104.482
172.225	117.551
174.457	71.6153
176.689	46.6748
178.921	82.7293
181.153	117.778
183.383	91.8222
185.614	83.8602
187.844	80.8924
190.073	71.9186
192.302	64.9386
194.53	57.9522
196.758	52.9593
198.986	109.96
201.213	46.953
203.439	41.9394
205.665	28.9184
207.891	30.89
210.116	65.8539
212.341	50.81
214.565	39.7581
216.788	34.6981
219.012	47.6297
221.234	30.5528
223.457	23.4671
225.678	34.3726
227.9	27.269
230.121	38.1562
232.341	18.034
234.561	30.9021
236.78	52.7605
238.999	15.609
241.218	21.4473
243.436	26.2753
245.653	17.0929
247.87	29.8998
250.087	30.6958
252.303	21.4809
254.519	23.2548
256.734	11.0174
258.948	5.76848
261.163	5.50775
263.376	-5.76436
265.59	30.9521
267.803	36.6575
270.015	27.3522
272.227	34.0364
274.438	46.7104
276.649	25.3743
278.859	26.0286
281.069	14.6733
283.279	-11.6912
285.488	-0.0646611
287.697	-7.44686
289.905	9.1626
292.112	30.764
294.319	13.3574
296.526	18.943
298.732	26.5213
300.938	21.0924
303.143	31.6567
305.348	99.2143
307.552	54.7656
309.756	11.3107
311.96	2.84987
314.163	53.3835
316.365	20.9119
318.567	-3.5649
320.769	17.9534
322.97	32.4671
325.17	33.9767
327.37	50.482
329.57	32.9835
331.769	10.4814
333.968	34.976
336.166	10.4675
338.364	12.9562
340.561	40.4424
342.758	41.9262
344.954	32.408
347.15	11.8879
349.346	33.3661
351.54	34.8433
353.735	13.3192
355.929	12.7943
358.123	58.2688
360.316	57.743
362.508	63.2173
364.7	69.6917
366.892	98.1664
369.083	134.642
371.274	139.118
373.464	128.596
375.654	138.074
377.843	139.555
380.032	173.038
382.221	180.522
384.409	148.009
386.596	110.499
388.783	125.991
390.97	88.4867
393.156	102.986
395.341	80.4885
397.526	97.995
399.711	105.505
401.895	106.02
404.079	125.54
406.262	140.064
408.445	147.594
410.628	140.128
412.809	155.669
414.991	175.215
417.172	186.767
419.352	215.325
421.532	233.89
423.712	218.461
425.891	281.04
428.07	256.626
430.248	321.219
432.425	327.82
434.603	324.429
436.779	395.047
438.956	386.672
441.132	356.306
443.307	385.95
445.482	362.602
447.656	389.264
449.83	316.935
452.004	348.616
454.177	329.307
456.349	350.009
458.522	344.721
460.693	316.444
462.865	364.178
465.035	343.923
467.206	307.679
469.375	313.448
471.545	293.228
473.714	333.021
475.882	340.826
478.05	329.643
480.217	333.474
482.385	347.317
484.551	377.174
486.717	399.045
488.883	400.929
491.048	371.827
493.213	361.74
495.377	391.667
497.541	373.609
499.704	394.566
501.867	365.538
504.03	377.525
506.192	363.528
508.353	355.547
510.514	360.582
512.675	387.633
514.835	324.701
516.994	363.786
519.154	328.888
521.312	344.006
523.471	361.143
525.628	370.297
527.786	372.469
529.943	359.659
532.099	399.867
534.255	446.094
536.411	431.34
538.566	455.605
540.72	456.889
542.875	512.193
545.028	543.516
547.181	555.859
549.334	593.223
551.487	695.607
553.638	639.011
555.79	641.436
557.941	709.882
560.091	682.35
562.241	707.839
564.391	818.349
566.54	769.882
568.688	857.436
570.837	853.014
572.984	811.613
575.132	750.236
577.278	648.881
579.425	559.549
581.571	487.242
583.716	434.957
585.861	374.697
588.006	307.461
590.15	275.249
592.293	249.061
594.436	222.898
596.579	200.761
598.721	188.648
600.863	128.561
603.004	145.499
605.145	135.463
607.286	147.454
609.426	99.4705
611.565	104.513
613.704	90.5829
615.843	50.6797
617.981	87.8034
620.118	45.954
622.256	89.133
624.392	51.3388
626.529	43.5735
628.665	63.836
630.8	54.1265
632.935	37.446
635.069	22.7938
637.203	40.171
639.337	56.5777
641.47	12.0135
643.603	-8.52083
645.735	31.9742
647.867	19.4986
649.998	27.0506
652.129	34.63
654.259	47.2349
656.389	32.8652
658.519	9.51976
660.648	38.1969
662.776	8.89561
664.904	-1.38436
667.032	13.356
669.159	8.11493
671.286	11.8922
673.412	23.686
675.538	5.4962
677.664	-8.67821
679.788	-4.83996
681.913	19.0126
684.037	22.8767
686.161	26.7522
688.284	26.6373
690.406	13.531
692.529	8.43414
694.65	10.343
696.772	-0.740806
698.893	6.18009
701.013	-2.89534
703.133	19.0328
705.252	9.9627
707.371	34.8942
709.49	13.8264
711.608	17.7574
713.726	-6.31285
715.843	22.6137
717.96	5.5371
720.076	-20.5446
722.192	20.3685
724.308	4.27555
726.423	-14.8254
728.537	-10.9353
730.651	20.9458
732.765	12.817
734.878	9.67629
736.991	7.52374
739.103	-0.642541
741.215	-6.82262
743.326	9.98168
745.437	13.7703
747.548	13.5422
749.658	-3.70441
751.767	23.0296
753.877	23.7449
755.985	49.4381
758.093	13.1099
760.201	-11.2407
762.309	-0.614615
764.415	39.9856
766.522	29.5614
768.628	16.1103
770.733	14.6313
772.839	18.125
774.943	44.5883
777.047	52.0217
779.151	77.4245
781.254	50.7955
783.357	49.1347
785.46	16.4415
787.562	71.7146
789.663	67.9535
791.764	48.1581
793.865	15.3278
795.965	51.4614
798.065	35.559
800.164	22.6193
802.263	16.6422
804.361	12.6267
806.459	27.5727
808.556	45.479
810.653	46.3455
812.75	23.1716
814.846	29.9564
816.942	48.6995
819.037	36.4
821.132	79.0576
823.226	45.6716
825.32	34.2415
827.414	67.7667
829.507	15.2464
831.599	46.68
833.691	46.0671
835.783	37.4072
837.874	60.6994
839.965	29.9434
842.055	32.1384
844.145	24.2839
846.235	24.3793
848.324	25.424
850.412	33.4174
852.5	10.3589
854.588	42.248
856.675	46.084
858.762	53.8664
860.848	48.5946
862.934	-2.73198
865.019	8.88614
867.104	30.4482
869.189	33.9536
871.273	-7.59791
873.357	1.7927
875.44	14.1252
877.523	39.3987
879.605	18.613
881.687	9.76742
883.768	15.8638
885.849	24.9035
887.93	23.8884
890.01	38.8208
892.09	57.702
894.169	13.5345
896.247	9.32016
898.326	16.0595
900.404	17.7557
902.481	38.4105
904.558	38.0252
906.635	27.6016
908.711	51.1421
910.786	41.6486
912.862	66.1215
914.936	42.5649
917.011	25.9782
919.085	62.3649
921.158	24.7267
923.231	17.0647
925.304	34.3807
927.376	44.6773
929.448	39.9555
931.519	35.2179
933.59	36.4655
935.66	23.701
937.73	55.9252
939.799	40.1408
941.868	41.3489
943.937	49.551
946.005	16.75
948.073	49.9467
950.14	24.1438
952.207	55.3422
954.273	16.5445
956.339	34.7516
958.405	30.9654
960.47	19.1884
962.534	24.4225
964.599	7.66763
966.662	25.9282
968.726	13.2033
970.788	9.49738
972.851	33.8096
974.913	10.1434
976.974	37.5005
979.036	16.8811
981.096	9.28926
983.156	29.7252
985.216	32.1907
987.276	30.6874
989.334	24.2186
991.393	42.7839
993.451	32.3864
995.508	21.0278
997.566	33.7085
999.622	40.4319
1001.68	49.1955
1003.73	27.0044
1005.79	57.848
1007.84	45.7367
1009.9	35.6594
1011.95	28.626
1014.01	52.6259
1016.06	32.6682
1018.11	39.7476
1020.17	24.8594
1022.22	33.0116
1024.27	56.1994
1026.32	50.4222
1028.37	65.6796
1030.42	70.971
1032.47	65.296
1034.52	366.654
1036.57	105.045
1038.62	117.467
1040.66	99.9242
1042.71	88.4094
1044.76	73.9251
1046.81	84.4709
1048.85	122.048
1050.9	132.653
1052.94	100.287
1054.99	122.948
1057.03	104.638
1059.08	141.353
1061.12	138.096
1063.16	156.865
1065.21	174.659
1067.25	174.478
1069.29	201.322
1071.33	176.189
1073.37	199.08
1075.41	196.994
1077.45	212.93
1079.49	212.888
1081.53	197.868
1083.57	248.868
1085.61	267.889
1087.65	243.93
1089.68	243.99
1091.72	285.069
1093.76	276.166
1095.79	286.281
1097.83	270.414
1099.87	275.564
1101.9	257.729
1103.93	262.911
1105.97	244.108
1108	239.32
1110.04	250.547
1112.07	301.787
1114.1	250.041
1116.13	243.307
1118.16	225.586
1120.19	220.877
1122.23	199.181
1124.26	234.494
1126.29	231.818
1128.31	245.151
1130.34	188.494
1132.37	198.846
1134.4	169.208
1136.43	170.577
1138.45	197.952
1140.48	183.336
1142.51	116.726
1144.53	135.121
1146.56	139.523
1148.58	122.929
1150.61	117.341
1152.63	137.755
1154.66	108.176
1156.68	109.597
1158.7	106.021
1160.72	114.447
1162.75	41.8777
1164.77	65.3072
1166.79	67.7375
1168.81	84.1682
1170.83	66.5988
1172.85	62.0288
1174.87	47.4578
1176.89	45.8852
1178.91	48.3105
1180.92	24.7313
1182.94	44.1512
1184.96	40.5677
1186.97	28.9782
1188.99	13.3863
1191.01	42.7895
1193.02	54.1855
1195.04	34.5776
1197.05	40.9615
1199.07	37.3405
1201.08	56.7104
1203.09	45.0727
1205.11	38.4286
1207.12	18.7741
1209.13	31.1105
1211.14	26.4374
1213.15	37.7542
1215.16	21.0606
1217.17	26.356
1219.18	-4.36002
1221.19	39.9121
1223.2	2.1718
1225.21	3.41868
1227.22	18.6523
1229.23	22.8721
1231.23	4.07663
1233.24	-1.73246
1235.25	11.4433
1237.25	40.6026
1239.26	27.7466
1241.26	27.8738
1243.27	19.9855
1245.27	36.0806
1247.28	42.16
1249.28	-18.7769
1251.28	36.2702
1253.29	20.3016
1255.29	24.3169
1257.29	52.3165
1259.29	35.3002
1261.29	59.2682
1263.29	9.22051
1265.29	31.1571
1267.29	13.0781
1269.29	1.98344
1271.29	36.8732
1273.29	47.7475
1275.29	40.6062
1277.28	33.4502
1279.28	19.2781
1281.28	35.0906
1283.27	25.8887
1285.27	20.6706
1287.26	48.4383
1289.26	48.1896
1291.25	22.9271
1293.25	45.648
1295.24	6.35529
1297.24	39.046
1299.23	67.7233
1301.22	26.3856
1303.21	27.033
1305.2	30.6656
1307.19	-35.7166
1309.19	32.8843
1311.18	72.4725
1313.17	16.0459
1315.15	-1.39316
1317.14	46.151
1319.13	33.6805
1321.12	30.1954
1323.11	19.6958
1325.1	32.1816
1327.08	51.6556
1329.07	36.1126
1331.05	53.5579
1333.04	61.9861
1335.03	71.3999
1337.01	32.8025
1338.99	46.1909
1340.98	34.562
1342.96	56.9221
1344.94	59.2682
1346.93	69.5969
1348.91	21.9149
1350.89	45.2189
1352.87	51.509
1354.85	49.7852
1356.83	45.0476
1358.81	65.2961
1360.79	50.5309
1362.77	54.7519
1364.75	53.9591
1366.73	47.1527
1368.71	57.3326
1370.69	33.4989
1372.66	55.6559
1374.64	65.795
1376.62	50.9207
1378.59	48.0373
1380.57	45.1361
1382.54	46.226
1384.52	50.298
1386.49	44.3614
1388.46	59.4116
1390.44	48.4437
1392.41	63.4675
1394.38	45.4782
1396.35	56.4759
1398.33	40.4553
1400.3	83.4268
1402.27	54.3853
1404.24	102.331
1406.21	57.2636
1408.18	70.1834
1410.15	43.0904
1412.12	58.9845
1414.08	18.8715
1416.05	68.7402
1418.02	23.5961
1419.99	23.4394
1421.95	8.27596
1423.92	57.094
1425.89	90.8994
1427.85	38.6985
1429.82	56.4789
1431.78	58.2531
1433.74	30.015
1435.71	41.7581
1437.67	84.4953
1439.63	74.2203
1441.6	41.9265
1443.56	36.627
1445.52	61.3154
1447.48	61.9916
1449.44	41.6558
1451.4	43.3079
1453.36	32.948
1455.32	109.576
1457.28	18.1923
1459.24	61.7965
1461.2	91.3889
1463.15	96.9766
1465.11	63.5453
1467.07	56.1022
1469.03	61.6473
1470.98	49.1882
1472.94	73.71
1474.89	58.2277
1476.85	71.7262
1478.8	90.2208
1480.76	56.6962
1482.71	45.1678
1484.66	45.6281
1486.62	34.069
1488.57	170.507
1490.52	89.9328
1492.47	71.3477
1494.42	36.7514
1496.37	52.1439
1498.32	52.5252
1500.27	70.8953
1502.22	166.254
1504.17	78.6023
1506.12	61.9392
1508.07	43.2651
1510.02	41.5799
1511.96	26.8926
1513.91	97.1856
1515.86	65.4677
1517.8	19.7479
1519.75	71.0084
1521.69	52.267
1523.64	58.506
1525.58	74.7433
1527.53	33.9608
1529.47	49.1769
1531.41	66.3825
1533.36	107.568
1535.3	56.7527
1537.24	75.9267
1539.18	63.0903
1541.12	87.2436
1543.07	48.3768
1545.01	53.5093
1546.95	48.6315
1548.89	100.743
1550.82	17.855
1552.76	78.9465
1554.7	52.0279
1556.64	58.0991
1558.58	43.1602
1560.51	64.2213
1562.45	56.2623
1564.39	151.293
1566.32	85.3246
1568.26	49.3357
1570.19	39.3472
1572.13	76.3385
1574.06	3.33039
1575.99	53.3125
1577.93	87.2745
1579.86	44.2372
1581.79	57.1903
1583.73	24.123
1585.66	203.057
1587.59	79.9811
1589.52	137.896
1591.45	32.8011
1593.38	47.6969
1595.31	34.5832
1597.24	57.4602
1599.17	73.3277
1601.1	104.186
1603.02	36.046
1604.95	70.8857
1606.88	48.7161
1608.8	111.549
1610.73	69.3607
1612.66	52.1636
1614.58	16.9688
1616.51	81.7535
1618.43	80.5407
1620.36	34.3073
1622.28	61.0766
1624.2	39.837
1626.13	89.5767
1628.05	50.3194
1629.97	28.0532
1631.89	41.7783
1633.81	14.4946
1635.74	60.1903
1637.66	55.8891
1639.58	37.5794
1641.5	38.261
1643.41	39.9462
1645.33	30.6107
1647.25	60.2667
1649.17	66.9141
1651.09	23.5531
1653.01	50.1837
1654.92	38.8182
1656.84	31.432
1658.75	52.05
1660.67	60.6471
1662.59	54.236
1664.5	53.8292
1666.41	71.4143
1668.33	15.9786
1670.24	39.5474
1672.16	38.0954
1674.07	40.6481
1675.98	37.1928
1677.89	48.7295
1679.8	100.258
1681.72	36.7661
1683.63	30.279
1685.54	42.7841
1687.45	25.2813
1689.36	62.7708
1691.26	92.2656
1693.17	37.7396
1695.08	51.2059
1696.99	41.6645
1698.9	38.1154
1700.8	26.5721
1702.71	70.0079
1704.62	36.436
1706.52	56.8702
1708.43	29.2834
1710.33	40.7027
1712.24	50.101
1714.14	51.5056
1716.05	47.8891
1717.95	17.279
1719.85	43.6617
1721.76	36.0233
1723.66	10.3916
1725.56	27.7526
1727.46	57.1065
1729.36	40.4533
1731.26	43.793
1733.16	52.1257
1735.06	29.4513
1736.96	25.77
1738.86	63.0817
1740.76	53.3864
1742.66	13.6843
1744.55	30.9895
1746.45	50.2736
1748.35	41.551
1750.24	35.8359
1752.14	23.0997
1754.04	62.3567
1755.93	25.6216
1757.83	47.8653
1759.72	27.1169
1761.62	-2.65261
1763.51	32.5859
1765.4	31.8179
1767.3	2.02878
1769.19	46.2479
1771.08	34.4605
1772.97	114.667
1774.86	25.8668
1776.75	53.0604
1778.64	-2.7523
1780.53	7.42876
1782.42	34.6036
1784.31	7.77218
1786.2	-1.06538
1788.09	22.0909
1789.98	4.24108
1791.87	2.38517
1793.75	31.5384
1795.64	26.6704
1797.53	42.7965
1799.41	3.93182
1801.3	4.04601
1803.18	35.1696
1805.07	27.2721
1806.95	44.3841
1808.84	-20.5251
1810.72	-7.42457
1812.6	-23.3297
1814.49	7.74392
1816.37	21.8274
1818.25	14.9053
1820.13	90.9777
1822.01	31.0445
1823.89	4.10583
1825.77	14.1617
1827.65	61.2121
1829.53	11.2571
1831.41	48.2967
1833.29	27.3309
1835.17	-9.64016
1837.05	26.3835
1838.93	-15.5981
1840.8	55.4309
1842.68	-1.56113
1844.56	7.44167
1846.43	21.4553
1848.31	42.4479
1850.18	35.4514
1852.06	52.4339
1853.93	-3.57256
1855.81	11.3999
1857.68	32.3836
1859.55	-13.6376
1861.42	24.3364
1863.3	38.2893
1865.17	-1.7464
1867.04	15.2132
1868.91	33.168
1870.78	25.1181
1872.65	7.06361
1874.52	4.00444
1876.39	58.9407
1878.26	22.8723
1880.13	16.7994
1882	26.722
1883.87	49.6401
1885.73	-1.42978
1887.6	13.4794
1889.47	39.3843
1891.33	32.3013
1893.2	22.1974
1895.07	17.0893
1896.93	-2.00654
1898.8	0.876777
1900.66	21.7726
1902.52	23.6642
1904.39	9.535
1906.25	33.4184
1908.11	109.298
1909.98	-21.8437
1911.84	-22.9724
1913.7	49.8949
1915.56	57.7583
1917.42	32.6178
1919.28	5.47342
1921.14	33.3252
1923	26.1731
1924.86	40.0172
1926.72	21.8576
1928.58	18.6942
1930.44	42.5271
1932.29	48.3734
1934.15	6.19902
1936.01	-12.979
1937.86	24.8565
1939.72	52.6714
1941.58	9.48271
1943.43	12.3077
1945.29	6.11208
1947.14	-6.06978
1948.99	-12.255
1950.85	-39.4609
1952.7	22.3472
1954.55	-13.848
1956.41	-12.0638
1958.26	16.7345
1960.11	21.5295
1961.96	17.3214
1963.81	25.1102
1965.66	67.8958
1967.51	-7.32167
1969.36	45.4578
1971.21	29.2342
1973.06	37.0077
1974.91	24.7782
1976.76	26.5457
1978.61	2.31028
1980.45	68.0895
1982.3	17.8484
1984.15	29.6044
1985.99	14.3752
1987.84	3.12572
1989.68	5.89106
1991.53	58.6361
1993.37	35.3961
1995.22	22.1358
1997.06	11.8905
1998.91	52.625
2000.75	36.3746
2002.59	-0.878267
2004.43	25.8663
2006.27	57.6085
2008.12	14.3305
2009.96	12.0678
2011.8	-5.19728
2013.64	39.5353
2015.48	15.2656
2017.32	-5.00643
2019.16	7.71929
2021	46.4428
2022.83	6.18191
2024.67	11.901
2026.51	-4.38197
2028.35	43.3329
2030.18	-33.9364
2032.02	-0.225708
2033.86	-12.517
2035.69	42.2076
2037.53	14.9123
2039.36	-2.36696
2041.19	32.3519
2043.03	4.05085
2044.86	26.7659
2046.7	7.46125
2048.53	2.17274
2050.36	21.8825
2052.19	-11.4095
2054.02	81.2967
2055.86	82.9834
2057.69	11.6863
2059.52	-0.612344
2061.35	89.0874
2063.18	56.7856
2065.01	23.4823
2066.83	29.1955
2068.66	74.8892
2070.49	61.5814
2072.32	40.2722
2074.15	46.9616
2075.97	48.6677
2077.8	27.3545
2079.63	40.0399
2081.45	36.7421
2083.28	58.425
2085.1	78.1247
2086.93	60.8052
2088.75	39.5026
2090.57	24.1989
2092.4	18.8759
2094.22	37.57
2096.04	109.263
2097.87	-8.06304
2099.69	62.628
2101.51	42.3181
2103.33	25.0072
2105.15	15.6954
2106.97	9.38275
2108.79	57.0692
2110.61	82.7549
2112.43	72.4397
2114.25	32.1238
2116.07	38.8071
2117.89	29.4897
2119.7	57.1899
2121.52	66.8711
2123.34	41.5517
2125.15	64.25
2126.97	-5.07058
2128.79	51.6083
2130.6	25.3049
2132.42	76.9827
2134.23	82.6784
2136.04	63.3736
2137.86	121.05
2139.67	61.7445
2141.48	79.4385
2143.3	63.1139
2145.11	78.8073
2146.92	241.5
2148.73	42.1933
2150.54	32.8859
2152.35	43.5784
2154.16	51.2707
2155.97	48.9628
2157.78	11.6548
2159.59	-26.6533
2161.4	23.0386
2163.21	51.7304
2165.02	9.42224
2166.82	-8.86765
2168.63	72.8242
2170.44	69.5162
2172.24	66.2265
2174.05	62.9187
